Month,Payment,Interest,Principal,Balance
1,345.24,170.0,175.24,29824.76
2,345.24,169.01,176.23,29648.52
3,345.24,168.01,177.23,29471.29
4,345.24,167.0,178.24,29293.06
5,345.24,165.99,179.25,29113.81
6,345.24,164.98,180.26,28933.55
7,345.24,163.96,181.28,28752.26
8,345.24,162.93,182.31,28569.95
9,345.24,161.9,183.34,28386.61
10,345.24,160.86,184.38,28202.22
11,345.24,159.81,185.43,28016.79
12,345.24,158.76,186.48,27830.31
13,345.24,157.71,187.54,27642.78
14,345.24,156.64,188.6,27454.18
15,345.24,155.57,189.67,27264.51
16,345.24,154.5,190.74,27073.77
17,345.24,153.42,191.82,26881.95
18,345.24,152.33,192.91,26689.04
19,345.24,151.24,194.0,26495.03
20,345.24,150.14,195.1,26299.93
21,345.24,149.03,196.21,26103.72
22,345.24,147.92,197.32,25906.4
23,345.24,146.8,198.44,25707.97
24,345.24,145.68,199.56,25508.4
25,345.24,144.55,200.69,25307.71
26,345.24,143.41,201.83,25105.88
27,345.24,142.27,202.97,24902.9
28,345.24,141.12,204.12,24698.78
29,345.24,139.96,205.28,24493.5
30,345.24,138.8,206.44,24287.05
31,345.24,137.63,207.61,24079.44
32,345.24,136.45,208.79,23870.65
33,345.24,135.27,209.97,23660.68
34,345.24,134.08,211.16,23449.51
35,345.24,132.88,212.36,23237.15
36,345.24,131.68,213.56,23023.59
37,345.24,130.47,214.77,22808.81
38,345.24,129.25,215.99,22592.82
39,345.24,128.03,217.21,22375.61
40,345.24,126.8,218.45,22157.16
41,345.24,125.56,219.68,21937.48
42,345.24,124.31,220.93,21716.55
43,345.24,123.06,222.18,21494.37
44,345.24,121.8,223.44,21270.93
45,345.24,120.54,224.71,21046.22
46,345.24,119.26,225.98,20820.24
47,345.24,117.98,227.26,20592.98
48,345.24,116.69,228.55,20364.44
49,345.24,115.4,229.84,20134.59
50,345.24,114.1,231.14,19903.45
51,345.24,112.79,232.45,19670.99
52,345.24,111.47,233.77,19437.22
53,345.24,110.14,235.1,19202.13
54,345.24,108.81,236.43,18965.7
55,345.24,107.47,237.77,18727.93
56,345.24,106.12,239.12,18488.81
57,345.24,104.77,240.47,18248.34
58,345.24,103.41,241.83,18006.51
59,345.24,102.04,243.2,17763.3
60,345.24,100.66,244.58,17518.72
61,345.24,99.27,245.97,17272.75
62,345.24,97.88,247.36,17025.39
63,345.24,96.48,248.76,16776.63
64,345.24,95.07,250.17,16526.45
65,345.24,93.65,251.59,16274.86
66,345.24,92.22,253.02,16021.85
67,345.24,90.79,254.45,15767.4
68,345.24,89.35,255.89,15511.5
69,345.24,87.9,257.34,15254.16
70,345.24,86.44,258.8,14995.36
71,345.24,84.97,260.27,14735.09
72,345.24,83.5,261.74,14473.35
73,345.24,82.02,263.23,14210.13
74,345.24,80.52,264.72,13945.41
75,345.24,79.02,266.22,13679.19
76,345.24,77.52,267.73,13411.47
77,345.24,76.0,269.24,13142.22
78,345.24,74.47,270.77,12871.45
79,345.24,72.94,272.3,12599.15
80,345.24,71.4,273.85,12325.31
81,345.24,69.84,275.4,12049.91
82,345.24,68.28,276.96,11772.95
83,345.24,66.71,278.53,11494.42
84,345.24,65.14,280.11,11214.32
85,345.24,63.55,281.69,10932.62
86,345.24,61.95,283.29,10649.33
87,345.24,60.35,284.89,10364.44
88,345.24,58.73,286.51,10077.93
89,345.24,57.11,288.13,9789.8
90,345.24,55.48,289.77,9500.03
91,345.24,53.83,291.41,9208.62
92,345.24,52.18,293.06,8915.57
93,345.24,50.52,294.72,8620.85
94,345.24,48.85,296.39,8324.46
95,345.24,47.17,298.07,8026.39
96,345.24,45.48,299.76,7726.63
97,345.24,43.78,301.46,7425.17
98,345.24,42.08,303.17,7122.01
99,345.24,40.36,304.88,6817.12
100,345.24,38.63,306.61,6510.51
101,345.24,36.89,308.35,6202.17
102,345.24,35.15,310.1,5892.07
103,345.24,33.39,311.85,5580.22
104,345.24,31.62,313.62,5266.6
105,345.24,29.84,315.4,4951.2
106,345.24,28.06,317.18,4634.02
107,345.24,26.26,318.98,4315.04
108,345.24,24.45,320.79,3994.25
109,345.24,22.63,322.61,3671.64
110,345.24,20.81,324.44,3347.2
111,345.24,18.97,326.27,3020.93
112,345.24,17.12,328.12,2692.81
113,345.24,15.26,329.98,2362.83
114,345.24,13.39,331.85,2030.98
115,345.24,11.51,333.73,1697.24
116,345.24,9.62,335.62,1361.62
117,345.24,7.72,337.53,1024.09
118,345.24,5.8,339.44,684.66
119,345.24,3.88,341.36,343.3
120,345.24,1.95,343.3,0.0
